0.5095899796517673 0.6486730607941766 1
1.2676362686103186 -2.301666904867351 -1
1.5733085540712306 1.6107622358493208 1
0.036934314197450524 -1.649238053428892 -1
0.923594921750209 -0.3829683501946506 -1
2.994376919011787 3.0087993863606384 1
1.3268237946127126 1.494381436770504 1
1.060891387234984 -2.1230345443504834 -1
0.5718609455765192 -0.24310643902231055 -1
1.9793011752033847 -1.8531280092370923 -1
1.1149043613602225 -1.2747272973436412 -1
-0.5676864174825289 -0.5850292081495261 1
1.2279312647885523 1.184081679109409 1
1.4082389506274788 -0.8862887078313317 -1
1.8454316702591318 -0.21862720120633805 -1
0.7385471213381556 -0.8631106688903815 -1
1.560832435234043 1.5623720254890374 1
0.38871226300078043 0.4120088504648871 1
0.4136183853499902 0.1540437142759744 1
1.2567468622748572 -1.7238801349444757 -1
1.2262336965061305 1.3637276072922346 1
0.5583013517656865 0.6883427960171631 1
1.1631911757698232 1.4498208411898261 1
1.7718777026545236 -2.015080414527563 -1
0.5616111490137479 0.5112750791210778 1
0.7222165121526185 0.5741531731228158 -1
1.6105636428790884 1.4564218608358128 1
1.9227517128223686 -0.14716662420939375 -1
0.7292454407812579 0.6313094091030076 1
0.5866546398883081 0.546155820556466 1
0.34381676119673366 -0.8255481173611467 -1
0.3229798808680062 -0.08913475185495334 -1
1.167852794580265 1.062436159631547 1
1.6549852789952315 1.612971013835367 1
-0.27130592715652946 -0.35531679425871854 1
0.2716847325108739 -2.1578331916424274 -1
1.992430966547684 1.9739376907934099 1
0.04491080979749151 -0.23315126989808477 -1
1.6831801199299117 1.6385858623004352 1
0.8176008955939061 0.8712232413754113 -1
0.8597939216279911 -0.05993797701649184 -1
-0.24837996370529303 0.5234224241137184 -1
1.291442228674224 1.249005970341359 1
1.543705029732799 1.6683033821832165 1
1.9889879695396429 2.0197975799118058 1
1.874266851617164 -0.7198370500393068 -1
1.3117660570908571 -2.005149329462445 -1
0.673972004141838 0.7620412037792534 1
1.1940023346222794 1.220839140417967 1
-0.3021804472110823 -0.163828450388962 1
0.5347194234368443 -2.6994833529167535 -1
0.0025821016958902376 -1.145556906159537 -1
0.4500757211903107 0.5237783884670115 1
1.7508176600569016 -1.1628205972011278 -1
0.5168227339647442 -0.5747121951505906 -1
1.858093532235289 1.9650816408178162 1
0.6112286249465833 -1.9757510309389468 -1
0.7588306369541189 -0.9719456919242089 -1
1.5962080173343245 1.5446401687716467 1
0.7010422817963783 0.7220915154096521 1
1.5045043566523546 1.858907403344862 1
2.098652972121833 -2.4285642742265043 -1
0.47533340911111654 -2.8594771502255165 -1
2.0316056203350508 -2.5837924506586494 -1
1.1715069214127176 1.2861143455784132 1
1.0069118870314786 0.12976413730625924 -1
1.4383033436524784 1.8511740260893406 1
1.2338171793507369 1.1774907825611596 1
0.6011912494288267 -0.034262068706240933 -1
1.0980526632550311 1.0705763144523568 1
0.0735368730141136 -0.05398657085747738 1
0.8970767402032576 1.0318467942723328 1
0.5781944253087707 -1.1130155961180959 -1
1.0310573224337563 -0.6445543892525305 -1
0.954438862247683 0.9014254939093691 1
0.8048479216571949 -0.3066294580533785 -1
1.5018758513891841 -0.0018143339541044634 -1
0.3261811339807803 0.7103915092220354 -1
1.1517043136559844 1.1178298124175836 1
1.1625993431813613 1.203577394592574 1
1.3576508251534753 0.07219603503261807 -1
0.7231661220661187 -1.639266917969255 -1
1.602789040406221 1.4747058037047134 1
1.5135538959660173 1.246980216279604 1
0.7247560118884069 0.10297686281490548 -1
1.5274278741731844 -1.24691897397256 -1
0.7656018786754859 0.8121826067235337 1
0.4323264484164546 -1.224024860658557 -1
1.7725428134422696 1.7031731636611658 1
0.9874351324301214 -1.123281494123869 -1
0.2799399405823846 -2.1532879323587943 -1
-0.36748773799119405 -0.9372409961130617 -1
1.0829423048192208 -1.9796747507674195 -1
1.5019491004061818 1.602484281790813 1
-0.03074296452153691 -1.152301396839438 -1
-0.11299857568832294 1.146660457086229 -1
1.668535212810415 1.8698332002038187 1
1.5721837801482574 -1.7176147742256855 -1
1.1320230364686024 -1.6341720082476008 -1
2.1143407499109146 2.158351515338011 1
0.1332987818550313 -2.249941170103942 -1
1.3892789983768357 -0.015718134148278384 -1
1.949107387969452 1.9745303590011338 1
1.823271337937502 -1.8045548150632278 -1
1.1904811606462442 -0.8240714965274476 -1
1.3013256508044126 -3.1975342244186695 -1
0.45377958183380207 -0.5700363705967838 -1
0.43771344930750433 1.2239192939969517 -1
0.9855590661158129 -1.1599816834848538 -1
0.9754404249874109 -0.9843160335687704 -1
1.444403042870083 -2.515964607440207 -1
0.6687834741840929 0.7303496961613094 1
0.023980255060390587 -0.24860118960614275 -1
2.1134423429631286 2.115828504235684 1
0.7650184919967439 -1.2058356362670628 -1
2.420774120506109 2.4692934342134025 1
1.1487581435992031 0.9414744010697718 -1
0.8690694399695935 -0.23042698659609318 -1
1.059518288714706 -3.456241816245719 -1
2.152166022269873 2.1834424223181674 1
0.7465820612807043 -0.7302531959744105 -1
0.8573315978374307 0.7999502264832669 1
0.7940141919665908 -2.0514342730730997 -1
1.0591405225532382 0.010475816905294089 -1
0.789315965875674 -0.5999871539329923 -1
0.6246946886517495 -2.3324983654339655 -1
1.076657728178501 1.071780106909065 1
2.648972563643736 2.6968417412758603 1
0.3329297161147905 0.3657822004062802 1
1.325942207240521 -2.561481722814398 -1
2.3254772621076008 2.4994431299069833 1
1.5394630296766758 -1.7274597841013193 -1
0.45454145510033284 0.5042176199460542 1
0.675551505907549 -1.4958192464739746 -1
0.9975050793373199 0.9687466380370093 1
1.9696230509735768 1.842222958792736 1
0.28708181995716486 0.23236097867797534 1
0.5465573464290181 0.18689369345476137 -1
1.1758580527920397 -0.5374540114358715 -1
1.2959876978247857 -0.17136520696861013 -1
0.8871833144814831 -1.8000704407772465 -1
1.305927498289237 -0.8984471924526043 -1
1.0468848797439798 0.9045986414015216 1
-0.6290892822555945 -0.5843797808968432 1
0.9080261317099593 -2.4495993030290037 -1
1.9409466531866975 1.8964932681890092 1
1.3494213292647523 1.4371615666470614 1
0.5541989891003767 0.5240289925532574 1
1.0314365895846354 0.892471585952232 1
1.4576251408107204 -3.156089481466333 -1
0.40847125995420364 -0.8224668902668966 -1
1.2309584803990237 -0.7749873679902947 -1
0.0858461497048898 0.05967320734125081 1
0.4830567693994555 0.6391363906260046 1
1.6612359140628294 1.6288505063426508 1
0.4042414992127966 0.36605841703283715 1
1.052851732595753 -0.39436899445082874 -1
1.0359600601151475 0.23837336334483594 -1
0.9630975511289779 0.9988005642364007 1
0.4224364757692052 0.4036067743373428 1
0.7506849266133986 0.9421407339680927 1
1.3406113065190295 1.3621913369998007 1
2.318841388408078 2.291911212701761 1
1.0831814245110825 -0.8457931437004305 -1
0.5550250961550247 -1.3219058982086263 -1
0.17158244541499967 0.12461424150120026 1
1.34489185127806 -1.1057457233259713 -1
1.556695241140857 -1.2543059122277003 -1
1.1006189220801676 1.2476326919700937 1
0.975977867360179 0.8221687950513072 -1
0.3506901207817077 -1.330742952065477 -1
1.3534242257257643 1.4478284117292688 1
0.22551895675007327 0.20335848694923508 1
1.341335239802855 1.4481601577516483 1
0.3172004550954919 0.1313008350864333 -1
0.7470141059885624 -0.935393322941461 -1
1.4564945390680293 -1.1235865401313472 -1
1.6917559425316941 -2.2332074165257665 -1
0.7602863674484156 -0.9991460116657661 -1
-0.13170169333744108 -1.2953116733573116 -1
0.8568075875599668 -0.3841172192267369 -1
1.20057521659555 -1.408519041593706 -1
0.8475366869146693 0.19292830123822013 -1
0.8103080283966891 0.8267427180515105 1
0.7474503214318517 -1.6681689327286233 -1
1.6681992507446948 1.6070169843390252 1
0.773929119462257 -1.42668156686066 -1
2.432084895516094 2.4212001874769493 1
0.706612450440524 0.6063784510149248 1
-0.017430066521358922 0.11037639652606057 1
1.5490296547425184 1.471396574602852 1
-0.5505522582490692 -0.44524759120102453 1
1.6252098187219681 -0.4683294520262926 -1
0.8287716206362926 -1.5726820418595056 -1
1.21007166035894 1.3575924100299157 1
1.1017546085320953 1.066494539970179 1
0.7373450059582058 0.28671765528923476 -1
-0.21257096845935042 -0.34294032284442566 1
0.9298069797139871 0.7111825466111439 1
1.62065094384999 1.570130980538086 1
0.17201806624944427 0.025912052919856765 1
0.7174774928927823 -0.5338508149144636 -1
1.1887915397095512 -1.3126877039590181 -1
0.937441336584396 -0.9929560457645867 -1
0.9637492409989601 -1.5844468293988867 -1
1.5794213174399934 -0.219928755717835 -1
1.2915775165576437 1.2646626023263352 1
0.7821547520593541 0.7425699081342245 1
1.7674896390519153 -2.1461041048189013 -1
0.8328707889303045 0.6957563561378588 1
0.877297113160058 -1.3930881369999633 -1
1.0782755691246957 0.9929363014721881 1
0.6293348655108532 0.5457953538109861 1
-0.7298333639249424 -2.3014717742140047 -1
0.9828442651230973 0.8489585482907318 1
3.446123201594184 3.458066480969984 1
1.4874761274218247 1.43711588026094 1
1.1421245226453576 1.2840004373022107 1
0.6886403238254355 0.8579015055415242 1
0.9679041359024442 -2.622250436328847 -1
0.2549339281770484 1.133222896584872 -1
1.636649379543683 0.7051316322943568 -1
0.8795380447432783 0.6575427918900283 1
0.916694363066585 -1.1244083113625547 -1
2.6162461568365396 2.6486003842428696 1
0.32825965521337874 -2.260180420649985 -1
2.5434536388102273 2.5275178087158454 1
1.8388996277129384 2.1818068803018793 1
2.3970883638816884 2.504927096211423 1
0.42560857579809797 -0.6974610208419734 -1
1.35205168531117 0.45887339289939466 -1
-0.2684672794913241 -0.4418336667947196 1
-0.38538802136030337 -0.5831217420394246 1
1.0284100591231564 0.8609097773185157 1
1.991291589572327 1.9256650611563892 1
1.1266118152083648 0.09446387677346735 -1
1.5164950424956047 -0.017711126712578684 -1
0.5633270568060995 0.5334437246703785 -1
0.9485801811872465 0.4121700686284342 -1
1.734692825633043 1.6728036959476822 1
1.1860168783891296 -0.19783441465591645 -1
0.6386463284867397 0.6321717365746757 1
0.04011339263727698 0.2532973609480169 1
1.2499666464451504 1.389974807645525 1
1.228644616875161 -1.5442537974750112 -1
-0.17476627109290255 -0.2279785986624696 1
2.0554455323837075 -1.3820298804811004 -1
0.7231937204919707 0.6578637708686311 1
1.9071852556809548 1.915752384441673 1
-0.7347406723172518 -0.669055975365519 1
0.59313387188733 0.5964083064099475 1
0.9217267928643448 0.860803312988035 1
0.4932335880099009 -0.6870573450942953 -1
-0.016837559263832347 -0.43778301554534993 -1
1.1513928641263662 -1.0834151756665367 -1
0.9979679576375188 -1.8894716718228977 -1
0.2582489253911885 0.10582565128983368 1
1.1395646521074396 -1.8534267905927733 -1
2.4089646507317832 2.5748617629162243 1
0.37874273007374093 0.2723041597922764 1
1.6858498260471682 1.634614645492817 1
0.47267236271857804 -3.287756906452071 -1
-0.4862012869674093 -0.5438747218264788 1
0.571447322713232 0.4980106982277913 1
-0.031034222785425225 -0.12411298222503686 1
0.6914812138312 -0.26675813970794815 -1
1.1706048506896056 -2.433479875581794 -1
0.9363267456857635 -0.26307030540346066 -1
1.7170245768421197 1.5888919469987457 1
0.6720736784333643 -1.3655925342919617 -1
0.5104572167400154 -0.18031884108561258 -1
0.6796659665542122 0.72659371490231 1
0.5083266547251798 0.5182400169216527 1
-0.043826653173905994 -0.06254046374875544 1
1.4405083364290774 -1.3917463101363499 -1
0.930917483569842 -1.94578719642181 -1
1.0132103689844396 -0.9923474009433306 -1
0.80988305316528 0.013621632619610358 -1
0.8620748531433587 -1.612319447555398 -1
1.7094700249549675 1.8201870323208267 1
0.690669591117784 0.5803906892106488 1
1.5299182639265472 -0.7013864744302277 -1
-0.7655064274308074 -0.8864090613269837 1
1.747442357812273 1.7493425993227425 1
0.7212181425948715 -1.8219181627712726 -1
1.4009541658191014 -0.6765921199808569 -1
-1.3762543363978779 -1.5438746772617296 1
2.389407458694235 2.3888062562759336 1
-2.164638323068167 -2.3548947602589356 1
0.1680796358799843 0.1811124403319958 1
-0.6885676344628975 -0.4413216599366505 -1
1.342125069411498 1.3069847817556117 1
1.6625770868906005 1.771985268047645 1
1.5224996967459823 1.6850598025368553 1
1.920221189354277 1.9955291688479144 1
1.2362146765490922 -0.4394949383706157 -1
1.4596055433368287 1.3651456960570831 1
1.576764758276826 -1.5981805022455355 -1
0.11443090326816707 -0.3194375880587945 -1
0.8175647643687203 -0.9032032576619933 -1
1.0969135775920185 -1.7843430047950708 -1
-0.3348628641856295 -0.44711513368822264 1
0.6552915082370423 -0.7415224445966921 -1
0.9249385512331847 -0.8577389053553004 -1
1.7379195662729399 1.8305332590979617 1
1.0802335664298923 -0.7234089222109731 -1
0.5325593984642807 1.2410603943782008 -1
-0.29953315824141935 -0.26035109389670974 1
1.482015312581454 1.3760865699508122 1
1.8057738059012216 -1.154407670680223 -1
0.3738046271843911 0.2906438846395575 1
1.2249104401315718 -1.277001749624055 -1
-0.298755310065028 -0.32130806934225986 1
0.568315220872254 -0.8368932185611279 -1
1.2279793428503984 0.4527961596352579 -1
0.03132968353435761 0.014192580191071724 1
0.09903432060555639 0.24732000062738413 1
0.9988457676253193 -0.3005832575594892 -1
0.67993717777932 0.7960326279937132 1
0.46929966424991476 0.5595762504926671 1
1.044433737219587 0.945227555501898 1
0.4289420062142193 0.4498553643355979 1
1.742937307351859 1.7312823420660468 1
1.5107923316951535 1.4784288171942257 1
1.1348135634095025 -1.294490779629043 -1
1.559024061890407 0.7498858151696663 -1
1.1845542882164404 1.2482157158634388 1
1.0617127832935915 -1.2047300060116077 -1
2.2605597412155416 -1.9809418986021554 -1
1.191731661096632 -1.1679965127839624 -1
0.8098551734792055 0.6755509304707726 1
1.1844270268374926 -0.5102570011610945 -1
0.22507220831236474 0.22766724174074737 1
1.3708293161084524 1.084119885958776 1
1.724012538221999 1.8869699697706714 1
1.5307715713876093 1.6758216040959022 1
1.4388952420677228 1.2103197809720558 1
0.8718611818723112 -2.7456243911485956 -1
0.5728318427964907 -0.496988647795908 -1
0.9837480745701058 1.0775961533514624 1
1.3893114435293688 -0.2076781804379324 -1
1.073858012972799 0.9655423736526771 1
2.6424580505531767 2.7737037393870683 1
-0.3213607907307572 0.7133732222583822 -1
-0.21151819527296367 -0.25284424954040996 1
0.6314855271308955 -0.07141541809110241 -1
0.4436669834847219 0.23298488600114675 -1
2.137106471388729 -0.2960510030115855 -1
0.6530612102119528 -2.192971674339411 -1
0.6396496604168806 0.6181185784181765 1
1.098449026344602 1.002906488130185 1
1.3977305255409873 -1.792899735413155 -1
1.3985695582550859 -1.6821228447754857 -1
1.4686161426313509 1.371531665997357 1
0.4508299945961748 -0.224220669725401 -1
1.1481812783768897 -0.11876050765686286 -1
0.006451744935674575 -0.050986241771962204 1
1.6143863766547066 -1.2996938537983087 -1
0.7034924360304389 0.72014337789106 1
-0.6754612594078477 -0.62885496150951 1
0.7184278880202444 0.17031418165083267 -1
-0.2554636367473164 -0.2167586857630146 1
1.1205107192286194 -1.3621908905870912 -1
1.8817637129388458 1.817116806089036 1
1.0691658660941747 -2.3429250538957165 -1
0.9853451002448202 -0.9664458376712353 -1
0.14784208947500033 -2.3390979200086415 -1
0.7105855174728612 -2.4046637552100227 -1
1.2331714146738708 -1.7260530214063432 -1
1.1406726022897211 1.149014751176865 1
1.5817637408989245 0.2371066393224286 -1
1.0749411999206935 1.1209734328510583 1
1.7015040738052307 -1.8396120027381275 -1
0.7230087998330843 -0.8255029429502975 -1
1.033398574127148 0.1749397252715803 -1
0.47399562660771666 -0.9517232669210407 -1
0.994355750433309 1.181369881805747 1
1.8588422525930397 2.0948961894527383 1
0.8816941656275369 -2.095522665939931 -1
0.3632777445961526 -1.690788095278371 -1
2.1527376404829184 2.279705367603682 1
0.8118916662518006 0.6133087412921434 1
0.636596339547626 -1.8808586175334412 -1
0.5026936982792616 -1.4744632834883007 -1
0.9116067138215379 -0.64279933715899 -1
0.4312994433447178 0.47387990421137316 1
-0.5275457850665168 -0.7489802836079047 1
1.1332489562864163 0.9944080062502673 1
2.011229338449739 2.14706435054465 1
1.338148783912155 -0.3200778449294658 -1
0.45334630544771204 -1.4047387085871663 -1
2.0471413612815947 2.0966834196249855 1
0.4103332884904102 0.4542970132630153 1
1.5696478454455414 1.6382611494619475 1
0.9074523890100088 0.9041870528583729 1
0.972305368457675 -1.7739053967987037 -1
1.0781485026461026 1.0609990783871768 1
0.2326214428342318 0.2551309145556848 1
0.5358989239254319 0.4108601093800053 1
-0.2992664326311545 -0.06349072076688034 -1
1.4506156130343468 1.3700247342710816 1
1.2553604531402403 1.2765771480425254 1
1.4345433426334566 -0.23164302942585824 -1
-0.5807460480719713 -0.7329167368736518 1
0.7562329197242015 0.4410273099215183 -1
1.9407812225601333 -2.0361172033054062 -1
1.0321925238614447 0.881162617998799 1
-0.14642492647471927 -0.3532601547736205 1
1.1717284708375355 0.333363813697126 -1
1.215155283687118 1.05817247945497 1
2.5555847110728642 2.7806397642642926 1
1.103823703543576 1.2469272730551484 1
0.752885489242804 0.6870867745762048 1
1.1418518337414212 -0.667849626364583 -1
1.0318936317513145 -1.7750735460869729 -1
0.914268787215577 0.8663757198412465 1
-0.6233470177648346 -0.6724005112241047 1
1.5037100535442383 1.7939094180932018 1
1.4777199507259116 1.7432726912992544 1
0.008731106627667073 -0.10564143306501217 1
0.030417884477012658 0.2099587056349328 -1
1.1965905384577131 0.34855826084015784 -1
0.7890531537268113 0.13449547371071202 -1
1.079015905321849 -0.9921727550458314 -1
-0.12974051006262122 0.4156139737445883 -1
0.5579050307606173 -2.114535261182068 -1
-0.23102665112017817 -0.11278625690514565 1
0.7233133834391119 -1.3838714617849344 -1
2.688832840563199 2.701926851371012 1
0.5856361734121018 0.7282374245870644 -1
0.047860596599135 -0.03451146558330276 1
1.6449136353349374 1.7627408670347942 1
0.9149926456835997 -1.5160696100650524 -1
0.5271166780226338 -1.4306647840268254 -1
0.8522461609620446 0.6680629261396906 -1
2.150110760136216 2.2234262087642502 1
1.4404664694775495 1.4222910578056545 1
1.258234884170017 0.041861210284070305 -1
1.7219479107702789 1.7659850591237094 1
2.987591236682906 2.8769071081516335 1
1.1063153400951922 1.161092983440696 1
1.782475593647789 -1.5885702783912292 -1
0.12132183131130525 0.0790455495469864 1
0.9065014580723825 0.828727126674324 1
1.0585476063255732 -0.8226914022923363 -1
0.26478709839032144 0.13642267853914847 1
0.5218483837351167 -0.12380220926312224 -1
1.1755281745390227 1.3397356911567377 1
1.0014385741747898 -0.7853741511936303 -1
1.0484938391363778 -0.773636167846243 -1
0.7478996281674704 -0.395996867245335 -1
0.6002414868555668 -2.0796881603661688 -1
0.009229628900195297 -0.1323412420510348 1
1.3006293548547356 0.46537346574016425 -1
0.22431629750320858 0.5866511961247882 -1
0.5256415227010255 0.8053989583215779 -1
1.662709937359007 0.28167291429035424 -1
1.6400705878876196 1.525642208510161 1
0.8006215338150164 -1.362809565585493 -1
0.7844684900743638 -1.0110300361483349 -1
1.2009544748360286 -0.4176670941490329 -1
1.330758061684146 -3.517502145045543 -1
1.911593347439477 -1.003055925918928 -1
1.2758716534686796 -0.8842973811647743 -1
0.9224159072211986 0.9688503758473833 1
0.5006499408078935 0.5188074927365725 1
1.352862906314737 -0.8056094856723818 -1
0.4742533290499903 0.3503989469885389 1
1.6041911184670703 -1.2060202272974416 -1
-0.1293833839333085 -0.5337775958947129 -1
1.387529638928135 1.4495322350135609 1
0.6569290473785381 0.6148535156444885 1
0.8320156323889594 0.8293145046457598 1
0.8731476981286616 -0.660571362385448 -1
1.9203039753209754 2.1523414844208517 1
1.9119705343693072 -1.099706508653502 -1
1.3363221672697234 1.2410736854122923 1
2.5200170373238606 2.757966882539927 1
1.7894874991355145 1.9494838032767239 1
0.5813586511422921 -0.5232324711962071 -1
-1.1472963899677868 -1.295706859459055 1
1.7462910997683556 1.8736762526210267 1
0.9547879424994042 -1.106476842478742 -1
1.799395858100524 1.8292928672374034 1
1.4926209013490288 -0.6982249960493505 -1
1.5709740681353432 1.3920322307990871 1
2.1587204179055695 2.014762053936636 1
1.1848168644316026 1.1436168444565449 1
0.920401682833842 -0.4916411920899326 -1
0.6703609263836914 -0.9285894112084724 -1
1.5700502842348447 -1.185387602706624 -1
0.47155547467782366 -2.28970098675065 -1
2.310773387223799 2.3924101998073466 1
-0.2445860695126485 -0.28274272943879497 1
1.1937607761221702 1.1431581488246771 1
1.3023877796769368 0.48638509451711776 -1
1.1273317324578467 -2.1044101993677558 -1
0.6658200171948986 0.6112217834079372 1
1.936654101692055 -1.270736274816071 -1
0.7702250699501394 -0.06465307475164017 -1
1.3452943675351168 1.419773877329777 1
-0.4282841548157952 -0.591277177649941 1
1.2652312962905496 -1.9112662086104946 -1
0.26458607290758696 -0.96700094424581 -1
0.4833430098614089 -1.0105381807019145 -1
0.8190289465397329 0.7360841378093924 1
1.8539097784059724 -0.7436098521955408 -1
1.8167102678780203 -2.6888024850276886 -1
0.798321073586386 -1.1301088891281696 -1
1.3673188321726555 1.4971055427988347 1
1.2847563037505134 1.1275604500243293 1
1.3619082446149455 1.141679521924346 1
0.4224605033016535 0.27496015704529 -1
0.5760852724789229 0.30612729120328663 1
-0.3838298961431832 -0.4387756496598143 1
1.7850344541527354 1.737460000897919 1
0.5820813839883832 0.5680989305983442 1
1.6739618629487336 -1.9059268197881176 -1
1.4067901535953033 -0.8893899643233684 -1
1.0039829236699855 -1.678917885769275 -1
1.3928468246913561 -1.190833033884379 -1
1.1333031270460063 -1.461395947738383 -1
1.3239168871946045 -1.8147162694799643 -1
0.31197952711581467 0.5568763683366771 -1
1.0541071403109858 0.9605004130333853 1
1.4046484493730644 -0.996028509824507 -1
1.8197320694484516 -0.3642477085923791 -1
-0.20197769667597232 -0.6487708618057195 1
-0.07703088759688437 0.03531881204035381 1
0.7627683092464596 -0.6534273600950466 -1
0.7024490402740673 -0.1613481427144352 -1
0.9603648099176803 0.952081923936755 1
0.7122556773005635 -1.89563949645339 -1
2.1300334825791962 2.1273819855512706 1
0.7826238068221136 0.6242904054663228 1
-0.010955504513631364 -1.0950161587814466 -1
0.928443649560921 -1.1131127352680479 -1
0.16702006711187645 0.22437417023357176 1
0.8910401194257008 0.7321709294959633 1
0.8804775538899098 -0.47364890632237666 -1
1.0432072881164054 1.1585621918762863 1
1.3575426908893378 1.4110736098140975 1
1.2417895352080643 1.3312919415765598 1
0.6639795491813664 0.2845880229190034 -1
0.8734694575943931 -1.2407787596980062 -1
1.7231632519157096 1.8482929424060508 1
0.6395739556998657 -0.8817405556802314 -1
-0.34779705129525373 -0.4164646909938585 1
-1.7324065602535539 -1.7099432885291979 1
0.7778369407144798 0.7200023565216223 1
1.803925714826848 1.7375850199699276 1
1.2850857360509549 -1.155052578519786 -1
0.741635743612217 -0.6314071427117764 -1
1.923283324040542 -2.133406381130182 -1
1.5638539538146343 1.5389684393503515 1
0.9160089104596016 0.9342022523247854 1
1.386863073771469 -0.8862073548695617 -1
1.141442246126476 -1.813663868432644 -1
0.41311906774694795 0.7247730092001441 -1
0.5762903552463302 0.5924160886298167 1
1.6587000337320967 1.5986600291494164 1
0.7214808897286848 0.7915143196061871 1
2.1991952559342254 2.200116155598347 1
1.8360237290255463 1.740958740153093 1
0.897044318275727 1.1407244445105627 1
0.1158532550822543 0.10693372065236462 1
1.8982589117859217 -0.776024910071777 -1
-0.035530239805933395 -0.04387536619354848 1
0.9582753853750868 0.6855491211108204 -1
1.0554112737836783 -0.5694591081892122 -1
1.2351931563696958 -1.8785515276382219 -1
0.9874953520214458 0.04836088931101257 -1
1.3250300899172514 1.1214649744592566 1
1.7836040177974102 1.8507176195925543 1
0.8265208302227083 -0.6841843596800603 -1
0.03134708359656779 -2.5798385612852037 -1
1.6207576330817548 -0.5759199897497018 -1
1.2522065035945864 -1.3092473057479754 -1
0.25141709306271864 0.3603202503051268 1
1.845720765133771 2.0336961788568164 1
0.8637286125899246 0.7925810720810221 1
-1.3239598892620759 -1.381276901729073 1
0.701850758166945 0.6224791052860167 1
0.643884150925567 0.45505394235514796 1
1.7884632796871076 1.801517118425616 1
0.7683702891820955 0.8533324006484039 1
0.9541357689536764 0.9775740718531744 1
0.6249336475653651 -1.0592209181575936 -1
0.3070802651092679 0.3577948937478944 1
0.610245506792833 0.6303835169216059 1
0.534351242506043 0.5545234364514374 1
1.8493304625583091 1.8244980759871023 1
1.0365075855436703 0.10143687595783302 -1
1.3375939483499604 1.5951030115890608 1
1.7251949625739935 -1.0324163853925823 -1
1.6357566538441892 -2.514673801705046 -1
-0.7394767623677612 -1.0131265137173546 1
1.3138257249970813 1.347456157828372 1
1.7181736978390023 1.7493166366447563 1
0.6855034948513905 0.5976064120801904 1
1.7065342466047886 -1.2050830059638122 -1
1.103292442707318 0.018613997771461888 -1
0.5639057362517186 0.5814358028293407 1
0.7533653216207358 0.716736605890498 1
0.20281021061472337 -0.30726382144292563 -1
1.6110757111969405 -1.7967181961996097 -1
-0.13275006767237452 0.05477443908660362 -1
0.2561349343785958 0.22399268928889027 1
1.2314369514501482 -1.7260459230934373 -1
1.5171616000297803 1.54421028446827 1
1.979072561077153 2.138786499354861 1
0.9313255780374351 -1.4972994441775065 -1
1.66951295316807 1.8367960267394063 1
1.7531795437823618 1.6484431251983276 1
0.9160443081223577 -2.526920646128273 -1
0.8824601836012378 0.9148180306378995 1
0.5282870498269794 -0.9613158491400555 -1
0.7565644939423575 0.6965632963533696 1
1.0501583582324003 1.0775873662954254 1
0.36380312731608355 0.44043445064738407 1
0.13570070664625566 -0.0344870599686411 1
1.1332598226622383 1.1379576304776704 1
1.990632466174975 2.0568665381665845 1
1.4848060204037932 -1.673869377792042 -1
0.6918392421625849 0.3724528584667255 -1
0.8448355627946642 -2.476782233134829 -1
1.2598906223814086 1.247061266808994 1
0.47107015677591557 -1.9818235543829865 -1
0.9345076063929333 0.8662314247931098 1
1.6033731910871378 -2.227896016089442 -1
0.5735628135022961 0.6195855070775724 1
0.5599002154851176 -2.104190046219586 -1
1.3183910886808312 -0.3903845417610714 -1
0.8705249884897356 -0.07976882842789412 -1
0.8050592269800811 -1.8744761775524674 -1
0.49309331783856747 -0.9122679008519753 -1
1.1544497847102366 -1.1780424968028065 -1
1.8156212525724769 1.852948779992677 1
0.43425557272498316 -1.3728901815472005 -1
0.4556476655273879 0.5294196648756553 1
0.3179582367395497 0.29418127607529865 1
2.159637409834633 2.2072529546157815 1
1.4184216612652638 0.035520968176617096 -1
0.22537889007773193 -2.119582072696783 -1
2.153678766714573 2.235254193584269 1
-0.4826287092034087 -0.48090951935558435 1
0.9433620651950877 0.2899619764056989 -1
1.6729554553273907 -2.0467163286786687 -1
1.6121758910660775 1.6057067486114693 1
1.6582340627262597 1.6758769733949284 1
0.9080405949658328 0.1615665933489665 -1
1.3638776877740977 -2.7747576492501613 -1
1.235974894242951 -0.7234144585878411 -1
1.2172037982819857 1.2725235104723773 1
-0.035700787511222076 -0.03632954055876625 1
1.9065458950739531 2.0363548215095237 1
1.0351354080177708 1.1374167485468285 1
1.391809562170057 -1.3379148625440331 -1
2.59157353173725 2.5662473075993484 1
0.3022786718399586 -0.07761176871465203 -1
0.639741252069941 0.6749545161246111 1
1.696891318292904 -2.143185050104246 -1
-0.01233258375221924 -1.829263636103855 -1
1.4141535776100183 -1.349510594534967 -1
1.8794396710548646 1.7572310226561334 1
2.0710785727070875 2.031051942237071 1
1.3381366450752223 -0.23367178813792533 -1
1.5608865586772358 -0.6538505750682004 -1
1.1245960924955478 1.239103517790627 1
1.6571897181887665 1.7545087770426036 1
0.8898494558381995 0.9411581109926158 1
-0.06807851361341721 -0.26174839578219844 1
0.43829504990034684 -0.1468123108167464 -1
1.1416797641180707 1.2343872829142377 1
1.4888711109287358 1.5157936260196705 1
1.3462382837480273 1.3152859932664294 1
0.23352509670272958 0.07403341161543109 1
1.340142884905184 -0.1808772330849686 -1
1.8724342929238749 -1.4456189610536785 -1
1.5124217669704503 -1.4249464175749333 -1
0.1493958538308624 0.03252265361268514 1
1.0941023372500394 -1.2896157282597565 -1
0.7979776027915702 -1.8852817525607954 -1
0.4624685376888149 0.4701858520238371 1
0.4815755119326922 0.49936595217524304 1
0.33188370510184295 -1.8428682596120836 -1
1.2896370046253451 0.00733302650179346 -1
1.2326214718602224 -1.2643161441844293 -1
1.0259763713825312 1.0748731572902739 1
1.0390506360230607 -1.4638781397491827 -1
0.10711469585961164 0.22264927708844817 1
1.1030735423761602 -0.8805620875794798 -1
1.3060397441662075 -0.13607858570554243 -1
1.2833093100435564 1.2196880262407872 1
1.756225129833158 1.5659267407650244 1
1.1818774130877097 0.2586684376537991 -1
1.8217849147562555 2.0300851382006826 1
0.7368296170655018 0.926435268096876 1
0.7268358522836564 0.6324033965579329 1
0.4880518922489183 -1.3961818761592624 -1
0.7193248811198587 0.8410427289136226 1
1.6036372560644248 1.7947849104591156 1
1.2437576864146516 -3.143798849887893 -1
0.8189825489925752 0.8408003821133414 1
1.2135040514034778 1.190856255650005 1
0.9876318073290822 1.0887117453714343 1
1.0041794295128006 -0.847574360218857 -1
0.823795951915824 0.7395285370872979 1
1.072813488547021 -0.18330532867406635 -1
1.8121713601341263 0.2158976819165208 -1
1.3202038743365916 -2.3335951908060135 -1
2.088056978184381 2.2840343558713894 1
-0.2829879707043941 -0.1660349577889213 -1
1.6786223922214574 -1.220409372271375 -1
1.752257806058553 -1.3646958331162165 -1
0.8108732053225828 1.061993315343328 1
1.2855008130268313 -1.9303570876984197 -1
1.4906437679946214 -1.2389334077615426 -1
0.7717366033796487 -0.5718411435536135 -1
-0.36861188307367065 -0.5157203640352734 1
1.0248391136323884 1.2204971305827388 1
1.0891658242335327 0.9478198255482367 1
1.0362065413301544 -0.7559121863784152 -1
1.872745044015428 2.091899979648579 1
1.9214249051542525 1.8839978110085163 1
0.7881159667934429 0.08040086911458122 -1
0.7811593173731208 -1.4419931711054954 -1
0.20702624142377424 -0.8612461932322952 -1
1.1094709724432628 1.0963971180465595 1
0.45797745566341885 0.44271061698933045 1
0.8962456044124515 -1.3278787417210145 -1
2.3315219953044344 2.288597463889008 1
0.5065779001562527 0.37973289682485045 1
0.9778777458716085 -1.202654095467558 -1
0.8607934269956212 -1.3921010035749806 -1
1.1880069912580427 -0.4264634938415417 -1
1.5467199943000978 1.3408956046430127 1
0.4534986212124752 0.27914217208075376 1
1.7493758191295687 1.8105761614260512 1
0.2044284934703906 0.03276811636696397 1
1.505924575800797 1.746284968300863 1
1.3980386102260556 -1.1418184645267724 -1
1.0871247407422544 1.1880055656867705 1
-0.4380727861866507 -0.6372767550197049 1
0.7053870467029452 -0.15447347262131206 -1
-0.08284259429916707 -0.2522206913231698 -1
0.16593525475502535 0.011039362132147623 1
1.1469362633087201 1.0550280617440004 1
1.0162945038389999 -0.482336899936221 -1
0.49803430857462805 -0.4641939690076896 -1
1.1678041632792246 -0.7476204608128365 -1
0.26319049503265657 0.26867399871444186 1
1.957826712065748 -0.31180788594905195 -1
0.3957313312370564 -0.9252513755618479 -1
0.763423363489466 0.629922317399386 1
1.7209398730019863 1.7744454697754597 1
1.5136013432255115 -1.7813860662642673 -1
1.0756647120146097 -0.40825913415186643 -1
0.7875388110128279 0.5602603501964838 -1
0.4472575128619709 0.3750750337373513 1
2.105155361814858 0.5697486775151384 -1
1.163403269496134 1.080413458210015 1
1.0422381893939432 1.034887943635947 1
1.8710871583096371 1.6417726065822897 1
2.1830169735063905 2.3188685384597747 1
1.2591423485280093 1.3067388435700305 1
1.1829254244296579 -0.9365018951459447 -1
0.5215346232471254 -0.11240749166963915 -1
0.6224846721212782 0.7378838327822596 1
0.1744858501819232 -0.6765312749642249 -1
0.9612896683282287 0.7765620976522569 1
1.4102790959752238 -1.507056810271814 -1
0.9195462588892478 0.8403882810494335 1
0.11146415099599927 -0.07606246935400152 1
1.6823486736473994 -1.0349532197781603 -1
0.5375034171507345 0.35007572727998426 1
1.9574344118823908 -2.1036073523650263 -1
1.1306870782293024 -0.1690923812183095 -1
-0.08146236371843907 -0.016273081319719385 1
0.6466923514934426 -1.3772639198538417 -1
1.3678566747726204 1.4527578467918145 1
-0.3538443592005587 -0.5897621722871302 1
0.45556172913776216 0.3196647384971618 1
1.6639426566026878 -1.0821904091912793 -1
1.9740332100470808 2.1756302544323933 1
0.9865191578513434 -1.0888534367367508 -1
1.9524819635995723 2.0188046286661434 1
1.2105135725707548 1.3104049464655403 1
1.0820096227710272 1.0525748599920601 1
0.37275604771283577 0.4511107861283844 1
1.4169469584422423 1.3176650805263597 1
2.7585880305090855 3.068338641331114 1
1.3635124879589982 1.2741263283957807 1
1.8466014313352523 -1.2945659553953681 -1
-0.26419286183431323 -0.30857407266771264 1
2.5084892292949945 2.631284166283471 1
-0.005486547563497091 0.060811582783379836 1
1.9479055167994963 -0.867746826711034 -1
1.3706079248287237 1.5074224792990438 1
0.4416897252656943 -0.678921579251136 -1
1.672744629046755 1.722378693345861 1
1.5464482142459228 -1.8579572564540525 -1
0.7548316128105254 0.3820685324718247 -1
1.2003560183319033 -2.5462730324663507 -1
1.7782522132823362 1.6330293335619501 1
0.6465729344413504 0.6144848382381518 1
0.43928803391663573 0.6928650437391572 1
0.305373872738099 -0.3922827300375046 -1
-0.16011251133398874 -1.2994454150683417 -1
0.7424519607946165 -1.8057787101785414 -1
1.0518091041890483 -1.6709954211080367 -1
-0.29513208079184583 -0.2701815912171166 1
-0.13492120715096356 -0.1504008517485016 1
1.1177828868605737 -2.8480299120620263 -1
1.9496745810465776 -0.6495310304244355 -1
0.7883140426260346 0.7825149339486902 1
1.2142215735292574 1.1716223202327534 1
-0.17223160696919937 -0.28058687899635504 1
-0.013591780886084148 -1.5443537278026813 -1
1.153868661337344 1.2802058465974337 1
0.9242225263707503 0.8788773714296344 1
1.0284081786829629 -1.526519108698181 -1
0.9539397623470897 0.7979446263391134 1
1.8122027717253983 2.1132770282486075 1
1.3056400583933083 -0.23124467640735302 -1
2.0271072889027675 2.032433878955319 1
-0.1460112206911932 -0.35269853393998263 1
0.9519885744266507 0.7936499481814874 1
0.026935581810450082 -1.2278532459175096 -1
1.6884310458314489 1.8985388880736767 1
1.7104859628613036 1.9031001301452077 1
0.39274079264858486 0.4694848773302993 1
0.8701714914955606 -0.9875032296806772 -1
-0.24456111964731497 -0.08366945744819754 1
0.6533975842721138 -1.4999489820865837 -1
0.5398656611916842 0.5239498556128348 1
1.214474171206704 1.1922755527970683 1
1.1948883161193085 1.254437244158465 1
1.335355375488049 -2.4702744717617384 -1
0.2947975132837335 -0.2032471979873508 -1
1.607746232591119 -3.031704172700315 -1
0.9724756450111298 -2.973925701985145 -1
2.067014768187238 0.7607416087217809 -1
0.3654044465482754 0.8237687398732552 -1
0.6526150079451207 0.6674951428928952 -1
1.2986737172118707 -1.8861793240134719 -1
1.0583269091354746 1.1357311041272184 1
1.3876485971326602 1.279070360826557 1
0.8410278237138917 -1.821840183851564 -1
1.268810652023182 -1.0208171431642028 -1
2.0918464445685383 2.093410193524008 1
1.4131334463055978 1.3649739653546242 1
1.8082999953362935 0.03398055031853353 -1
0.177939083241618 0.21693247264181925 1
1.2286546800890228 1.3407087129987953 1
0.6591998597375388 0.41408656552480005 1
0.5312168110860811 -1.3628784393498636 -1
0.6556830953790997 -1.283035327419071 -1
1.0911029169979642 1.1830263313948104 1
0.530588937540027 0.33744575620477835 1
0.6690374568221269 -1.4141347171009335 -1
0.5580807859675039 -0.8142483177482044 -1
0.8895548307569627 -1.3030247548273366 -1
0.7216853424768346 -1.678853398337949 -1
0.9896073577504183 1.0300183171726633 1
1.2356589628584655 1.3586180630615572 1
1.782951339702548 1.515552933684871 1
2.8229716457472613 2.895149493196857 1
1.9866912259525358 -1.5512205724117127 -1
1.3084810822466817 1.3101750869521027 1
-0.2418993730032981 -0.4543048425984302 1
0.9903020939868061 -1.9246137465517343 -1
0.7711608553697454 0.035922578069011335 -1
-0.018995063472412976 -0.16300812976232293 1
0.32253418803193756 0.45944909899827746 1
0.37910807161959514 0.48354726875776044 1
0.49156002833463663 -0.5336520861093994 -1
1.622849447823386 1.648991843958326 1
-0.12405940525594938 -0.07479428559898493 -1
0.8235034738116587 0.9244470054009746 1
0.9905450714465682 -1.4510420942010207 -1
1.5661032526957612 1.7100099177647028 1
1.0022857500838078 1.0412066886374929 1
1.6908112683561098 1.7862585834539857 1
0.3693585751743095 0.05662356309169825 1
0.6230825737090369 -0.2466659734712745 -1
1.5058724475513587 -1.4785336796865967 -1
0.8039623382819667 0.8702115916591308 1
0.6195958693564316 -0.31498938034741863 -1
0.3090727236451245 -1.1301357547102264 -1
0.7468007643414352 0.7733572586511758 1
1.1224200893328988 -2.0761550889158826 -1
2.149907475852296 2.299489659803282 1
-0.7897541773797896 -0.8093209734048401 1
1.4694796655027336 -1.4330500248317897 -1
1.5920727868836433 1.3356632985262715 1
1.9894726191112104 2.114883172754489 1
0.1485418913193276 -0.8794552622205989 -1
0.8785920719861678 -1.1305244578772475 -1
0.5263670808073315 0.4888315977632903 1
0.7689651344316013 -1.5007178090667799 -1
0.027518386653144544 0.311224493069882 -1
1.7092131038641938 1.6717150183290497 1
0.991028844008142 -0.20542355671385104 -1
0.10759628558235323 -1.3850812229984382 -1
0.14432373001198806 -0.8679204010315643 -1
0.9810827584348242 1.1010428009888629 1
1.2469799307957674 -1.014744246349233 -1
0.42626391860721846 0.2959296258942449 1
1.503598115183922 0.3132614862599252 -1
1.6434329780768697 1.6946557637363233 1
1.272727251397228 0.5405815731047343 -1
2.8926583467263485 3.1032070814224624 1
0.22102797029256793 -0.04016622738970277 -1
1.028998559242702 -0.6503520690195963 -1
2.6020511162497133 2.7733261659305404 1
0.9122415923429573 1.0191750236148904 1
0.8178702038147488 -0.2503716486890143 -1
0.8624120056700085 0.6598011799581345 1
0.1382782323876517 0.1869167049886793 1
0.6162353457358238 -1.520705340341148 -1
0.8098833523935891 -1.4952165898363785 -1
0.689976801836555 -0.7724288120754543 -1
1.1821604189163186 -1.6675783630906862 -1
1.3158327888622612 1.2656106689262423 1
1.6264867748311418 1.6316168628880368 1
0.47020368722005834 0.38863047964432107 1
0.4985296126612906 1.0167750071917765 -1
1.2265234686304525 1.2137780497172155 1
0.9515516083491214 -1.6051102345985062 -1
1.0689102428159534 -0.326145147730903 -1
0.853158219311478 -1.5895304956045817 -1
0.3942305597903538 -1.6359089004204939 -1
0.22010720193537192 -0.6695550043537151 -1
0.6402829998364582 0.5281523110293473 1
0.731991195580649 0.543296346245905 1
1.00729632906895 1.0079003764381687 1
0.8501379111318208 -2.3555828698263066 -1
0.9307571242329945 0.878490584138676 1
0.21747131231354255 -1.7081247887649549 -1
2.5283537729716747 -0.9213330762334517 -1
1.2004529024208905 -3.126985435078632 -1
0.8001676532091683 0.7113498777467653 1
0.3735358606782313 0.21714387404456859 1
1.7492719626889741 1.8891735049247331 1
0.4981920456555593 0.4372984070380078 1
1.283979833443489 1.1871592089345961 1
2.308937105307993 2.4004605945235014 1
0.007319583732898094 0.10413892456086948 1
0.6450618540141788 0.2516001289665464 -1
1.2174090487552551 -0.7983577858277241 -1
1.5902871050300287 -2.3185818029773326 -1
0.1765915782106804 -0.011882600977904723 1
1.0150845165483364 0.43653261170257385 -1
0.4945919581555379 -0.8410986781103901 -1
1.1472148965876863 -1.4811717904031378 -1
1.8381240209449783 2.067863042781865 1
1.1708524343803073 1.0112057472586438 -1
2.087646283395105 1.9542849586743691 1
0.9782467146903625 1.0097878819053978 1
-0.16117012096977867 -0.4055993527962287 1
1.8802554021961329 -0.6132375501944907 -1
0.41334478765308535 -0.9547615235731906 -1
1.293987512206588 1.2584134681559935 1
2.039839326390197 -1.2501747742556635 -1
1.2564950992980446 1.1900169551119177 1
1.6708097463165674 -0.9775493989629049 -1
1.646136305236277 1.6237435202809904 1
0.3885297277746861 -0.31521631707023634 -1
0.7775911595117404 0.7430980659501836 1
0.6697126052342601 0.5078803750440875 1
2.5456310334512278 2.672492965683185 1
0.2340103696166801 -0.3692855878824034 -1
1.271303171522117 -0.554074591994658 -1
0.23504969065121406 0.1964802572371137 1
1.270168418855577 -1.7156753706788326 -1
2.1430426699216474 2.2900685613040546 1
1.5019821673597398 1.4993656967483637 1
1.8280115675483288 1.9000105171126416 1
-0.16329764165617333 -0.20545952307653192 1
-0.5077244890227961 -0.5391785928540358 1
1.5631011963065737 1.6357241724646452 1
1.3513459606064402 1.4387542471967965 1
0.37338610806971484 -0.7441220392756072 -1
-0.11630936616327636 0.10396057164509465 -1
0.878532515101163 0.9202648140727578 1
0.5395500723647932 -0.38105084696924896 -1
1.1984762396269184 -1.9385150166467575 -1
0.621620837337637 -0.7308852364881507 -1
1.3108787111956197 1.1717323739358192 1
1.8697065186486603 -1.6242596507163996 -1
1.284220674020805 -1.6327836638421278 -1
0.5753368151876166 0.5692214702497633 1
0.8473446452116217 0.8212850696698715 1
0.43723254258489563 -0.1886793994692274 -1
2.2331213587603065 2.1689553807895923 1
0.9026567995600336 -0.2775319100136182 -1
0.6311058939223937 0.5944132894285427 1
1.212312413988985 0.9168016619931073 1
-0.0033389661230180945 -0.031952088116323774 1
0.26673132721847626 0.16137653893252446 1
0.406279092967466 -1.7810038135282156 -1
0.8562249232728967 0.8251001586118067 1
0.026232968139369595 -0.1807274114944526 -1
2.007080045591778 2.0172435429244877 1
-0.18167257473641651 -0.31762902339833654 1
1.800575511623955 -2.6648336739437912 -1
0.4564940492475983 -0.548781918401543 -1
0.8039673134609697 -1.1260182842754674 -1
0.10970925137068821 0.8724019704859047 -1
0.5960165284440124 0.41867158113416536 1
1.4501293490864116 -1.6209320949012773 -1
1.2031214813426676 -0.2513092288537655 -1
1.5414900745986062 -1.337556290792953 -1
1.0272884782226006 -0.6240318514925495 -1
0.34463069604816965 0.17585209150160996 1
-0.21132688155057955 -1.1358545668978275 -1
1.3233528093686986 -0.948976981020951 -1
2.492514575635637 2.4726585821849554 1
1.4301769568402332 1.4531246879227717 1
1.907099557305804 -2.5171892105707023 -1
0.851465424855889 -0.9609703002157612 -1
1.1230460020122264 1.198650267217405 1
1.0727304404250035 0.9117525601520096 1
1.1366662027941616 1.385855246165924 1
0.41306131976213323 -1.1030664298176105 -1
0.8134314706157311 0.6568599139510263 1
1.373192333751227 1.6416965546053652 1
2.3273574509128405 2.3803401038794147 1
1.7240701090697268 1.602046951434554 1
0.8634680800192096 -1.4379956962305747 -1
1.109639811028668 0.21760842774539535 -1
2.705512957236679 2.6506708689701046 1
1.627787190978593 -2.0154159332843506 -1
0.6778002336034191 -1.4089578842054395 -1
1.6843238441675457 1.7621732888724762 1
2.4625862969633108 2.625926438476489 1
0.6282215187287041 0.47926427414344897 1
1.8038101162549853 1.9457670970804402 1
0.9542570806306663 0.8877635450928746 1
0.9348407604706919 -0.13385408872749338 -1
1.3850766510357995 -0.2839853672167796 -1
0.2428612631115863 0.34989590826141315 1
1.3339755832213465 -1.6733761758141148 -1
0.4687728854634232 -1.7202759125896705 -1
0.8395164845361782 0.6761441635708176 -1
2.039541531448779 2.0560296804236655 1
0.7623324414791528 -0.10886026345132116 -1
1.9417840130247763 2.133960311539968 1
2.0313732440880585 2.1732043159849574 1
1.086560802650852 -1.7276197680900114 -1
0.8420132568067326 -1.7212833270595476 -1
0.19437152460014284 -1.8528919964157753 -1
0.8401675916932037 -0.6738679826312467 -1
0.25819670705298503 0.3636997714314588 1
0.8353283036518848 -1.9590219204116273 -1
1.3374622388666346 1.49576834900041 1
0.4212903789427561 0.30958754818777645 1
0.7139262373777332 -0.7576368836831282 -1
1.514958283127934 1.608770669588746 1
1.7602161423017777 1.9625203184912696 1
0.8220405947050304 0.8464975315568048 1
1.4473936769161648 -0.8839726700471493 -1
1.4118126935042008 1.2737060672773919 1
1.7031980592610718 1.7314570985931277 1
1.7813785614856505 1.8369417393307166 1
1.941112486480451 -1.0779371183919029 -1
1.1714233745812506 -1.4092101952282665 -1
1.2601968570774948 -0.8994337531249024 -1
0.9803770731543442 -0.9445609809758566 -1
0.7219454200803712 0.5927861184915855 1
0.5972331471344667 0.5137738254185734 1
-0.3140500844327958 -0.3940959312790826 1
2.4126398367822244 2.513330089732253 1
1.403958701994528 -2.0184624709765684 -1
-1.2774474094137709 -1.0692440772461511 1
1.6896662498491288 -1.1251093447996297 -1
1.1206956839934712 -1.7765367811782649 -1
0.4207547206634662 0.48156985753008896 1
1.422208267097028 1.3503734845941773 1
1.5877197973647332 -0.1903387165254018 -1
1.2204831211562577 -0.7414599554965695 -1
1.2706640956035788 1.262957531354182 1
1.8088678804251543 1.9477101685950133 1
0.8484549452391742 -2.2100755634046507 -1
0.23675046706821623 0.07184819948526056 1
1.4722149084207081 -1.2164804684027828 -1
1.8280365549180448 -1.1344141270773926 -1
0.7361078697309215 -1.906066288439206 -1
0.6976495543891592 -0.009055768781479734 -1
1.3021841522167066 1.2946677484813418 1
1.4513517848920863 1.1946555667276642 1
1.5083154674070176 -0.8682356519587353 -1
1.059298714067758 1.1408290387999815 1
1.100437458620807 0.7826251271842806 -1
1.1632604420707375 0.3423385867088351 -1
1.270208918526894 1.0439607771783543 1
-1.0109911069670865 0.3665381701805184 -1
0.06956735707096406 0.048985816750406364 1
1.3633791196468943 -1.0344846820336635 -1
-0.6007990249202086 -0.7516184622918403 1
1.4448265329159127 1.4558466175066773 1
0.6196590967431315 0.6418511923954182 1
1.388214372575099 -1.4040054243968862 -1
1.0394469713714998 0.9545172431509836 1
0.40571448657943165 -0.10563924357828569 -1
1.4740709077391472 -0.6045438746734213 -1
1.6814369178009847 -0.11619633244097194 -1
-0.03961841908077557 -0.09047920050195879 1
0.6846185762181245 -1.0090697294186057 -1
0.8757932310884871 -0.7714636796471919 -1
0.6077619999493723 -0.7345424945094832 -1
1.518291607566851 1.3975593819589194 1
1.3492899881851628 -1.5637873538339613 -1
0.713598655169021 0.6693814947710761 1
1.0761760839374146 0.960610512231345 1
0.31198350728964197 -0.5399143577422856 -1
1.1119989175421523 -2.0106491377526687 -1
1.512146449784667 1.6466159459684988 1
-0.3360605888327348 -0.23226671524069675 1
1.1857311173176823 1.067145610290466 1
1.4875570504494813 1.6778377219124374 1
1.9730670347855495 2.117069151318961 1
-0.21174759248210284 -0.2472192328533156 1
0.624683734855656 0.27511932578273735 -1
1.2737370412368092 1.2694370258797336 1
1.2064788572332812 -0.14648997810865816 -1
1.0725795059504692 -1.2210162249810175 -1
2.470910123183936 -2.7614267385015405 -1
0.5521427662229836 0.3906299909281987 1
1.4354996042662034 -2.480196745744716 -1
1.1262180529982293 -0.5292104608442088 -1
0.9974738095852634 -1.5865327356435617 -1
0.14955070634204093 1.3481192147704353 -1
-0.11198933193817506 -0.22795482675967937 1
1.621360248292179 -1.8930314275763611 -1
1.0542372095295443 1.1703553806712172 1
1.243346877410681 1.0253845653673244 1
1.9166938972527379 2.0757966550247873 1
1.6172347946271342 1.6415412683877773 1
1.4311348103602015 -1.6281416518521883 -1
0.6191764565695606 0.6117857898120106 1
1.6355593886425566 -1.3390030903640633 -1
0.7422713119421454 -0.08082008199263868 -1
1.6676020723000544 1.710931287759526 1
0.9299731137322175 0.8134131639940031 1
0.7872201187080761 -0.5408908094884706 -1
0.7010198416081258 0.5273042864011368 1
1.1079712031813727 1.1253220574644833 1
0.8263492355050623 -0.20110425213322947 -1
1.9415852952164592 2.0472483467886144 1
1.4394760543421643 -1.143916954448384 -1
1.7413059959713397 1.8421108274790057 1
2.091775790245822 2.256464028027417 1
0.5327820171430142 -1.2263442259174002 -1
0.6536350632128527 -2.453370559916408 -1
0.38858875247320235 0.37649438041553884 1
1.1904039118666443 1.1506018452316813 1
0.21676167768961108 0.29923936601571766 1
1.061155975738788 -1.105930644998373 -1
1.5330004459514464 -0.7499186625280319 -1
1.6251202383243304 -0.6574801393402682 -1
-0.12650409641777682 -0.15997011517836346 1
1.2991166987691491 -0.636341775916341 -1
0.7082517312484029 -0.8923826977182248 -1
0.1196547413593827 0.24273630032395221 1
1.373575790433582 -0.7201333895242705 -1
1.5769913528995916 -0.6615471118146172 -1
1.181248391540346 1.1289323916192875 1
0.47403900714082425 0.43161497321520637 1
1.108434915586229 -1.0789279397638463 -1
1.2209942866110766 -2.825792247360525 -1
1.2124077033815321 1.2881878218527605 1
1.3865263262270107 -1.3242009596924949 -1
0.6195031402526855 0.4570823405264979 1
1.1846293827208372 -1.3095449872112959 -1
-0.32817820932959574 -0.5215384693423144 1
1.584489897302563 1.703227732711611 1
0.1955561457985524 0.14847519554552302 1
1.201820993103703 1.2066940405746311 1
2.050317718938686 -1.3671992113029732 -1
0.6247707726458275 0.4869578094114462 1
1.042021303877172 -1.4373828325551607 -1
1.357519172435374 -0.7710777443018559 -1
0.5423748907539201 -2.3230080718858686 -1
1.6857872812661618 1.6860182218413957 1
-0.42088553518046457 -1.2959449942239594 -1
0.46876463722189565 -0.8388646989541172 -1
1.3118332121528313 -0.7385508412835909 -1
0.8312609256364553 0.8619602811440961 1
1.0005998046662086 0.9336763886081418 -1
0.9629928051157863 0.8734855274262027 1
1.3815960215566594 1.2957754090752032 1
0.9908216262903369 -2.622171524686773 -1
2.244863645159633 2.322482380387692 1
1.354754316412909 1.4542874640722678 1
0.7323794751176336 0.5560276208428068 1
0.9532643690327443 0.9549785954688373 1
0.23215825458967054 -0.05781553627293978 1
0.37628542963930034 -1.0763261205653265 -1
0.05346876662491418 -0.6214747860062513 -1
1.691131057993354 1.9763360330481825 1
0.5658621623852588 0.5340933179352773 1
2.0830521098208616 -1.269370410839445 -1
1.2224103494359089 -2.5973062516000933 -1
1.5369747426741742 -2.741679351727229 -1
-0.12286778051781089 -0.20195069438442226 1
2.0087724428259497 2.0973992931191 1
0.8400140474066115 0.8753498692288435 1
0.517078622241198 0.4299200976625641 1
0.1086508740145985 -0.5716960306848662 -1
1.28144165838964 -0.4708379434954605 -1
1.2991636094145584 1.2074364898906313 1
1.4378033453917372 0.803569735945977 -1
0.5759344483853777 0.3559034010226787 1
0.42799131385594125 0.6069977701850662 1
0.3241700747468623 0.3232364832748279 1
0.3638735974399846 0.17453202997522022 -1
0.9153696885402669 1.1256703947333668 1
0.7549357896701537 -0.5569647495016715 -1
0.01627901530388176 -1.1552495368932374 -1
1.2103016407485205 -0.5302853846898483 -1
0.15344977556085726 -1.0971186210254025 -1
1.7272508990789033 -2.4926768336736416 -1
0.49963506063204344 0.575098840766848 1
1.299272136662306 1.411888401498263 1
0.7061012752411503 0.5831620083188811 1
2.0563270066788544 2.082890664459039 1
1.4214248128216023 1.4867082831087493 1
0.5604482299273106 0.7481150398912924 1
1.1277469725914917 -0.5010813814089536 -1
0.8495842921031271 -1.026326079166226 -1
1.7112661469553492 -2.1805439447857355 -1
0.7411810258302596 -0.955512310227055 -1
1.3503524159691733 -1.3893099793854673 -1
0.8032604696146792 -0.7483615091679066 -1
0.00016075618503152977 0.11007854253965099 1
1.3518257692148725 0.21192407160715754 -1
-0.03883481798315902 -0.09463876608616961 1
0.8058545742952857 -1.1475496793988902 -1
-0.29685447421611033 -2.83855713995636 -1
0.10869686100894138 -0.936132012232663 -1
0.6291326365226725 0.5250811915858793 1
1.8002095389300419 1.9471439787109242 1
1.017028806786641 -1.0761581958854598 -1
0.6535801783072612 0.6922273867584865 1
0.8475983710868518 -0.986657896954755 -1
1.1884074793508526 1.1424146285899348 1
0.5803842790256385 -1.9919871808682141 -1
0.679591192981495 -1.8666933115976714 -1
1.3594460862613498 -1.0830156513990858 -1
0.7915801711421828 -0.22674021228213448 -1
-0.11047237738143512 -0.08283043359548303 1
1.1709678254651523 1.1406989509755832 1
1.3662412619988837 1.3864451954977806 1
0.752806409879544 0.436812249134678 -1
1.2098028778405097 1.2241476354863372 1
1.1356565158469571 1.0859511199375547 1
1.1708294819909062 1.1835455682085805 1
1.508585388655448 -1.3478843309193542 -1
0.6972791120299027 -1.3197112545333658 -1
1.6892631314100264 -2.6897538865451684 -1
1.9245180296343547 1.9502678664123914 1
1.7067832341264648 1.8178458301380083 1
1.4721544015052022 -1.311527676684511 -1
0.6401276793635451 0.6630573224243443 1
0.7581126118680684 -1.9735537484290337 -1
0.5804896584112125 0.5366997935375972 1
0.7082954461635873 0.6404806463341413 1
1.4857317333630942 -0.9611033298221205 -1
1.22242200963165 -0.40255023389085076 -1
1.3706735690030314 1.2665201900576335 -1
0.9393828192806566 0.8902774924953802 1
1.0200269059851932 1.3405573228189485 -1
0.5742226898988452 -0.5496426635391736 -1
0.2786470938955051 0.30588602867727677 1
1.1139749214670385 1.0706399227460772 1
0.42857352995045483 -1.2543680422394021 -1
-0.623158299383521 -0.7396038856395668 1
1.3740702493391377 -0.35469812295173353 -1
-0.442465063187252 -0.6288684685334873 -1
1.7707791633439118 -1.2549654627209033 -1
1.2148133254804614 -0.5709779480252866 -1
1.5732105964683898 -1.5067791245264202 -1
-1.2611528572689399 -1.4391526570489894 1
-0.07985284042275498 -0.21994104317893304 1
1.0851267605651318 -0.9537317349674426 -1
1.4483240640490234 1.3765205848421205 1
0.754205953410496 -0.19695955327548464 -1
0.4537234847789313 0.552121007856994 1
0.4489252600368073 -0.42351570954328255 -1
1.7617367963839023 -1.2214313300381945 -1
1.7868972055571684 2.0921719046125062 1
1.789068713475002 1.7417990418396592 1
1.3993036488135646 1.4732834607901033 1
0.996668739437482 1.2688555113920923 1
1.3977118192673554 -2.026831072775554 -1
1.3682907182757855 -2.1241793255997754 -1
0.872153451217526 1.0115641224465255 1
0.9223209979537951 1.0139705919010795 1
0.901614866272638 -2.0559408972701245 -1
1.4633046208132363 -0.7352494942734408 -1
0.7170225037415745 0.7337503721207614 1
1.1697542802167356 -0.8891221111478899 -1
1.428933321086859 -1.5365045480079134 -1
1.407838248760632 -1.4832717378162736 -1
0.5409792838361136 -0.5444909215946298 -1
0.6335895545368535 -0.6523857174116704 -1
0.1565245496935681 0.15800893596102916 1
2.113767725509512 2.196317887626004 1
1.3850833004867416 -1.4639505308941978 -1
1.7404206412710084 -0.4840760646657517 -1
1.8716109305842386 1.7997949475626702 1
1.3967868734385311 0.9001610499445989 -1
0.6912238001404157 0.05021783967587745 -1
0.4201239980702167 0.2951866053625086 1
0.5412092591328821 0.5847101715436616 1
0.5164139851801959 0.3779513818183913 1
2.430981480033786 2.5720455063214964 1
1.2299098238147441 -2.0595401484190283 -1
1.1437238960512939 1.2119242952200058 1
0.43849514078376617 0.47462770426738166 1
1.3842467130501162 -1.1466073953599836 -1
0.925786091009776 0.8815302861863615 1
1.2310747022400101 1.355250590352271 1
1.0372937700951232 1.129517113973753 1
0.40079322554809516 0.2873087203317387 1
0.31509831904219343 0.5518030181309663 1
0.7875064932716872 -1.4961485669525851 -1
0.38130881790018545 -0.756327579176691 -1
1.2583063752052372 -2.643491781565266 -1
0.34423279583459954 -2.1359478686775955 -1
1.4539654802277162 1.4713036559599217 1
0.8323808230980888 0.7320392172531149 -1
1.5414579349901218 1.3877914543985905 1
0.28959425120796034 0.09156577366377705 1
0.731366695688537 -1.4619887507908966 -1
1.403802257852937 -0.9702747570157839 -1
0.32235587686295486 -1.4127293235549254 -1
0.6398463805964432 0.45625430640173426 1
0.562127180038615 -0.3251113482090451 -1
0.8732665422378569 -0.667756467069468 -1
1.8803204419420982 2.0799572257162913 1
0.5680441487568577 -0.9417450862263492 -1
1.6482100441463703 -1.523616750313964 -1
0.17801149119226867 -0.40410474507768 -1
2.0093458240081965 1.9590608341978228 1
-0.28412891719559563 -0.2809897544725499 1
1.9520570875910142 2.264701117869506 1
1.1036837103888186 -1.1411513495795114 -1
0.899388643912531 -0.49435446772391756 -1
1.3266863730138887 0.38869074013446814 -1
1.1271940778440284 -0.7411154101324114 -1
0.6412471901668741 0.6705899635525943 1
0.11460506062766251 -0.059300278734045975 1
0.49428888042617325 -2.0105435404199596 -1
0.15791195947950953 -2.0006379855576144 -1
-0.09149557820801935 0.0632209994612245 1
0.9438404948259195 0.92466389566336 1
0.15040642639426127 -1.514822526163336 -1
-0.03570348520418665 -0.18959056007696073 1
1.0629041901939784 -2.0235856373463723 -1
0.7493649337100232 -1.507511345886649 -1
0.6302258369168237 -1.593618880046522 -1
0.7640490258671007 0.01780416188909073 -1
1.990707818238986 1.8708569672487005 1
1.833605161421573 1.9257813103486394 1
0.8245040760453464 -0.9855254949591927 -1
1.5457393555375465 -2.1861716961143927 -1
0.5685038275396289 0.5860981901682638 1
1.6302171760358233 0.5005514429197195 -1
0.8451225425615578 -1.093383627866524 -1
1.1759638161861776 -1.2909324433632854 -1
-0.4525327696944881 -0.4420522454026823 1
1.0688473693349676 0.9932642850702531 1
2.570319628046123 -1.1106386019227965 -1
1.4973153590842538 1.6070710140338254 1
0.5502703557150608 -1.7412504437752996 -1
1.464497704711105 1.501082994688506 1
1.44679151448754 -3.4633833999650596 -1
1.0851696297439075 -1.137250683016146 -1
1.6623662400350914 1.786582541190791 1
0.9448511962325198 -2.819145670771201 -1
2.9328196501879686 3.1385478222560588 1
0.19854142050798695 -0.897463159439442 -1
1.3381474931691208 -0.8766918221818708 -1
0.7105383389347586 -1.3833663234695328 -1
1.4963087606287324 1.3536448423518839 1
0.5454160630652778 -2.2482686871040194 -1
0.3295253265634567 -3.2556916250517416 -1
0.40214499341316956 -0.5481604265273587 -1
1.344627182223085 1.4310006914287903 1
0.9199187443833131 1.0319883715815474 1
0.32757198554151445 -0.6808751285326761 -1
-0.10557577733986867 -0.8296481814799355 -1
0.043747378383451774 -0.03853525403595581 1
2.6056094062346906 2.762201595555644 1
1.4808776223394227 -0.41090276565667283 -1
1.5291929326615818 1.5314632085221316 1
1.6245645046097188 1.6843784126187429 1
1.326249629362569 0.27813708985094654 -1
1.0700822596465234 1.0667729138315671 1
0.6038441382144286 -1.7551028796588273 -1
0.8144085773183212 0.7651974450533425 1
0.5865438555680981 0.6182086455112777 1
1.2291294663649255 -0.7750529217637261 -1
0.9824216882828948 -0.8088213073143806 -1
1.0420668339222956 -1.9205050454139463 -1
0.7595130843665046 0.7253745729580059 1
0.023406053657495374 0.0694109771233491 -1
1.8495617916469551 -0.7710337288376578 -1
1.1151461278964778 -0.22610344461918896 -1
0.46563900318672724 0.27966940127187967 1
0.8349537550548549 -2.471502226077864 -1
1.1041958659912974 -1.743614928447546 -1
0.9931216213208386 -2.34784043385472 -1
2.96738511700023 3.051959088729948 1
1.504674312945475 0.8846015844419952 -1
0.30083384306865435 0.2226471075894918 1
1.7071627569453098 1.4146185739401347 1
0.11754906999404646 -0.5997438928821425 -1
1.2803220426040502 -0.6988756952375172 -1
-0.06318691640014507 -0.39756772548656194 1
0.9381387636187447 -0.9366777949603412 -1
0.7300991659088842 0.7592361454207633 1
0.784679399188597 -0.3593695995424515 -1
0.5469463420802483 0.5902897179688311 -1
1.3429415742795094 -1.0913964669953582 -1
-0.17336322169212925 0.11649377895942425 -1
0.6079246953981785 -0.4037198055478718 -1
2.1339792424956285 2.4293512078730966 1
1.4107248072178256 -1.084237797494846 -1
1.1003200857730815 0.8811524523910622 1
1.0367262487810218 -0.9158325515589614 -1
1.0935856422440295 -1.4047385924845743 -1
1.6893452264460225 -0.5359264078731217 -1
2.639201345226283 2.57285250833262 1
1.0631623691568979 1.1711441851474471 1
1.6245091838318246 1.6308998780253239 1
1.1326576905067183 -1.8636113549059 -1
0.10556910671757846 -0.2307381708381886 1
0.27137828424927946 -2.3871906154033686 -1
1.1123563084110462 -1.1566047103508548 -1
0.7171853375699709 0.7955771224196319 1
0.7986998006285373 0.8253808671602324 1
0.4025036706216222 0.15493036543218852 1
1.5130460332946503 -0.4953014019070098 -1
1.9625523572162464 1.817807887856628 1
1.993763153063834 1.851209133103222 1
0.7189883967616852 0.9320850154845354 1
0.7813442635689902 -1.0601284433436626 -1
2.321854320513615 2.2116180616968446 1
0.4164606600291274 0.34941018420073955 1
1.2170930491832959 -0.49707139410130075 -1
0.8131639032517822 -0.774518697589742 -1
0.3590511894709275 1.08562474354621 -1
0.4708929368650574 0.20500644926500833 1
1.0733877576289588 -2.0938875798140986 -1
1.6914225708802508 -1.2898048787440652 -1
0.6419451016612095 0.7355857031502331 1
0.6123085120506813 -1.0907017443103209 -1
1.1930429834558813 -0.8969753105465793 -1
2.095479886394745 2.139290513262349 1
2.1054673719202577 2.095964556942696 1
0.6697050769313451 0.2851884405165317 -1
2.202699432106929 -1.7855980793708 -1
0.6940591301366519 -2.0483969832913673 -1
1.0452627484708716 0.8304818695395394 1
0.3108492887358705 0.4380271855000608 1
0.42653608831586964 -1.1938504344606307 -1
0.3320895468263987 -0.9937547076734028 -1
0.00799255819597866 0.061282257249370864 1
0.7965817559187564 -1.779853738203112 -1
0.9152776398191684 -1.3859505087171469 -1
0.12600582438568597 0.19993177111374194 1
1.0451116546838517 0.9875435387624124 1
0.16268778059528066 -0.090473937697921 -1
1.7568269664306693 -1.7047384770040641 -1
1.6370896429015993 1.8138411450914027 1
0.4280979795560268 -1.394736450867092 -1
0.640583061321875 -0.9979975223835044 -1
0.6920504303577562 -0.5013014034788341 -1
0.02265366661672663 -1.1785220675300712 -1
1.0893949344348715 -0.7283398350506722 -1
1.3807339671281404 1.3644550605939032 1
1.995312069144107 2.0382368723826776 1
-0.3714445225565841 -0.644438944089559 1
-0.2681204707440108 -0.2869793794819693 1
1.7219710208435635 -2.0394966680668043 -1
2.0450405630626323 1.9261718049187173 1
1.652463763523369 1.7422047584718878 1
0.2894630917548495 -0.47688628910096287 -1
1.7191018553138104 -2.364763306638373 -1
-0.36212040153963 -0.49428507715422665 -1
0.8192142756937012 0.6284072956857318 -1
0.9204421851766512 0.04887376230008145 -1
1.2786324041560397 1.2827209881396844 1
1.2340690405115102 -2.758325156048933 -1
1.2174089645240187 1.378612349920434 1
1.005818818617004 -0.9754535103910917 -1
1.283053461143348 0.943345053386977 1
0.7085049334819187 -1.7365916834877173 -1
0.77844492799196 0.6654331748279458 1
1.359038827139034 -2.507621796183132 -1
0.5574076971410711 0.5822082217681879 1
0.6146289721598118 0.3258670217330468 1
0.8763521086705994 1.2814102905932754 -1
2.5134353633704904 2.7192922624562508 1
0.5975122102999468 -0.5758839926681989 -1
1.3905530921233853 -1.6877746047388131 -1
0.9517650230661672 0.9401768075561112 1
0.6001716695885859 -1.6511503099529365 -1
0.7732693993504861 -0.7397072725233297 -1
1.0910274772944195 0.46428376719843945 -1
1.9553907322510617 1.9334323243551026 1
1.2146081120470853 1.1604192530793196 1
0.03705250883087685 -0.22668478403758696 1
1.890493574951412 1.8455854030627474 1
0.6942890981129335 -0.8821723838320293 -1
1.111510214631878 1.1156475756033057 1
2.658186818022348 2.8067633123069156 1
0.8211986970869963 0.7386556017927635 1
1.5245431372761318 -2.2395053313716904 -1
0.241134559181722 0.44286647029580517 1
1.473805221682524 -0.04650782544519605 -1
0.44294201184640436 0.4818260663115945 1
1.3197572316607749 -0.13048672769612102 -1
1.2626345910860417 -2.0653071599081976 -1
1.6787853459219817 -2.181071702793367 -1
2.042959560378905 -1.3902188726945934 -1
0.09207579665977683 -0.7725135463096241 -1
1.474053000654254 -0.09263790794716154 -1
0.46672442079567555 0.32687315725426647 1
1.3778712235398691 -0.8208894231497741 -1
1.5471173225053618 -1.0836407831088177 -1
1.183323878018638 -1.4086401890383593 -1
1.12146011245285 1.3654953744317768 1
2.094356425083091 -2.5342572234045013 -1
0.06778109780585984 -0.2138726397362325 1
0.8596654139104878 -1.6407068813122387 -1
0.6681346949666402 0.7191213443093056 -1
0.7432905777215981 1.1706312738912432 -1
0.6941339868428339 0.6061361534029448 1
1.1947443046843949 1.354170407205558 1
1.7772681694213803 1.8649540079704758 1
-0.09104215228927526 -0.2758205023021989 1
0.5919764151719085 0.6209607125729133 -1
1.6727453258784408 -0.5015656775165067 -1
0.06218274391270484 -0.12216818690416376 1
0.7268320897219651 0.728811376644102 1
0.4093627383219628 -1.1972528127853763 -1
1.3095329009380001 -2.599516253382821 -1
0.256942247813153 -0.6546021609233441 -1
0.2594204284799826 0.3841710951961753 1
1.0550406985773306 -0.9452612512308639 -1
0.6920092718818472 0.6854753251598884 1
1.0305821376869184 1.1797137384655645 1
-0.5016670247731903 -0.4732367252505987 1
1.1169255578739725 1.25788358836191 -1
-0.3274187500977306 -0.33458530445747314 1
1.1904404693846558 0.49749448482962566 -1
1.3548616278784291 1.2879843456979998 1
0.18478942461169623 -0.013847733766015669 1
0.31482716947898537 0.07750206947907623 -1
1.106151182262918 1.1496252102059683 1
0.5532197268481699 -0.7411317359176862 -1
0.9219590145825567 -1.4890679696144724 -1
1.0906262824630075 1.0513857891962457 1
0.6452005110507402 0.6219920005564079 1
2.227094858241384 2.1048679549550817 1
1.7889975734249317 0.005388084226475076 -1
0.8623550702688949 -0.4389823958769894 -1
1.9645949141541146 -0.40151830478735384 -1
1.136451599441749 1.2959667478120156 1
1.948045726359648 1.7944714470284469 1
1.8217702840774384 1.8035597917514004 1
1.0066392714910892 1.2157345171666114 1
0.8936201659845833 0.8156002812031679 1
1.6552149371503266 0.6910145176276292 -1
0.05125299349386425 -0.10195187897297231 1
0.23477502651383597 -0.655767021660155 -1
1.8558301942244446 1.734614942003868 1
0.7746418602150218 -1.0184769925456278 -1
1.044918786293274 1.0109345669543834 1
1.7189741450594014 -1.8990797978142888 -1
0.9690431284006827 0.17864789539367676 -1
0.6503318672969153 -0.43651526795418205 -1
1.0521949451258936 0.8645667597628646 -1
0.44092640751863044 0.13826020374857362 1
0.7709769763274773 0.5623068652918675 -1
2.6656253213195487 2.807274086701786 1
1.3209899927605298 -2.100014161803869 -1
0.8753708818400708 -0.9792863388703856 -1
1.1848608032980432 1.347961472505232 1
0.05841351667218342 0.09044244965162596 1
1.147317449842511 -1.7382149810643754 -1
-0.0849180397455076 0.03285999718665611 1
-0.29298327500312094 -0.19490146144483766 1
0.2545166702497822 -1.2489700781228965 -1
0.008038392905266978 0.48755452077036665 -1
0.5753778129214311 0.3836850118973659 1
0.8342217520462915 -1.1129011406042861 -1
1.4596678250679938 1.4808463682387292 1
0.6662584063142085 -2.619061042372624 -1
3.0932564768908604 3.2231819164059905 1
0.8830814113494109 -0.03378822195440956 -1
1.2663953909360481 1.2150978494868414 1
1.1465903481043733 -0.7914416100280897 -1
0.6549102475789506 0.5140772716649106 1
0.9176821398347408 0.7464784854724223 1
0.6427365691534526 -0.8926291792291161 -1
1.3878866564513204 1.5235733866514816 1
1.5191204314763413 1.5611774127231821 1
1.1468881586075799 1.0856989971522857 1
-0.03521508767385506 0.08134889811335855 -1
1.3323299837994735 0.3731668576322409 -1
1.2191810147145288 -1.2467931550923885 -1
1.1237601031873132 -1.0487414257850531 -1
0.8824572989891456 -1.4910239691706537 -1
0.8041824803708634 -0.16031672732466573 -1
1.8164189563229138 -0.44185451095374717 -1
1.5072095953197093 1.7485504220336978 1
1.1996986616235255 -0.9170954160809686 -1
3.343981600948961 3.5402764385627523 1
1.7695411736966733 -3.0656008233617955 -1
1.677698831559651 -0.5123845964595506 -1
1.1715835049704046 -1.9008460957765971 -1
2.018037499345052 1.9540758758784267 1
-0.29541820637721483 -0.38055037123293545 -1
0.3874138669976691 0.34469875004300454 1
1.1315462567806702 1.1823081367607917 1
0.1414781683889399 0.10322894992669429 1
-0.14190659356934976 -0.2593277559780285 1
-0.5532480417885515 -0.5943269838206191 1
0.8626091052465901 0.846317748031462 1
0.3105080736005609 0.2729316647413522 1
0.06591655598246016 -0.6286592736684713 -1
0.4174465206621394 -0.7835980911267335 -1
0.7254831658531731 0.6308999334507233 1
0.5413531085067611 0.2785886926706542 -1
0.4969715914726165 0.4078990028256042 1
1.3735996295383006 -1.034242258696959 -1
0.23895016671344194 -1.1669414580887942 -1
1.2145275952104413 -0.7817078733770292 -1
1.1606467325205028 -0.9860322950316316 -1
0.5211337846357831 2.164984721726994 -1
0.6949073624411334 0.8046476304201993 1
0.33888775509778346 0.23696189989807714 1
1.7105526623422735 1.9441113933328429 1
-0.022282440714200602 0.1691341966941371 1
0.4728117364824542 -1.9179851073709946 -1
0.9239112349861524 -0.4733852275522009 -1
0.7271707386961974 0.8450258296729727 -1
1.1378500840057804 -1.2722841312798243 -1
0.4145176576714278 0.3157217029640216 -1
1.0899642122467774 -1.5789858945174027 -1
1.8869868915329198 1.1554631926407 -1
1.0822908725047844 0.8959909944141551 1
0.6989714548781452 -1.816324638938665 -1
0.6024103378178325 -0.6013180339980355 -1
1.1445724816741205 -0.7523456323658941 -1
-0.18980575282805545 -0.24457284936360302 1
-0.5967607754920032 -0.6621655025135811 1
1.658052313466994 1.6683772109473454 1
1.0851283852726112 -0.9086340729784153 -1
2.318487225786384 2.3816013719347353 1
1.43534242482958 -1.4250843738590977 -1
1.2549607660790814 -0.42907592284831186 -1
1.8129470398773289 -1.6327288906734267 -1
0.9728240020123583 -0.4545389202604502 -1
-1.0274302447559585 -1.146789023337512 1
1.6180724317469801 -0.5844162044072598 -1
0.22509793861610772 -2.30959263845172 -1
0.9800732639677702 -0.4550666412532407 -1
1.3217903279748406 -0.45968101094671476 -1
0.3196160749204866 -0.48655248244191696 -1
0.8816762652347415 -1.377520477473524 -1
1.2054899953295846 -1.0220374448189278 -1
-0.42499540314541884 -0.5044558364693292 1
1.7091866804650844 0.21598041318551875 -1
0.341863616722098 -1.9582731170136365 -1
1.4987523065567006 -1.3390913945742406 -1
1.6399490529778435 -1.410426248357854 -1
1.406834549208161 -1.1436344573800696 -1
0.06248870977259746 -0.1055162892127306 1
-0.01702730015075793 -0.22477454051794243 1
0.8445482031389262 0.7842415624800799 1
-0.48535466000499805 -0.4398339376861258 1
0.9245690423700018 0.9696644915468894 1
0.9060694088054835 -0.5466138040376984 -1
1.602970320920067 -0.9924820019558382 -1
1.1531216190658045 1.1961269817173612 1
0.33927825109515586 0.10422677392713986 1
0.6734502029286199 -0.4749632297389216 -1
0.7078968458276776 0.9274319603934694 1
1.033688260061308 1.0121944687291198 1
1.4062583004244202 -0.8569226530142209 -1
1.2426313942708966 -1.266695424597593 -1
1.1125916054210252 -0.11217101079785818 -1
0.7072684997279118 -1.9017272902405278 -1
0.7227152735721052 -2.028482129803396 -1
1.4635989933837938 -1.2264564507878648 -1
0.8535708680640568 0.792353282611886 1
0.1609422301515785 0.11983198138787943 1
0.7311382396310997 -2.798501996327473 -1
1.5443378871026199 1.6630590603064368 1
2.6158829120578257 2.712430449128684 1
1.0587653103479457 0.22033725635621582 -1
1.5507123580442128 1.5364287846468092 1
1.3324944787868418 1.2799507600354285 1
1.3343091355478252 -1.360914246446058 -1
1.321538068860588 1.5860571688838108 1
0.5254881019762447 0.6362710837444607 1
1.1747396056864243 -0.36798689063380663 -1
0.8750562329548681 -1.5439125770300488 -1
0.8016936389639732 0.8244282663145062 1
1.507541171839946 -0.46021496967480013 -1
1.2875025448108595 1.4429738947660038 1
0.9113222419273693 0.02807118013593035 -1
1.0667507946016088 1.044535237357683 1
0.9606413145990819 0.9748955804398687 1
0.06883445036849889 0.16556782529783842 1
0.8502567431854645 0.7607046099727599 -1
0.5523010686421181 0.5263084411538099 1
0.9949386982948429 0.4921357411055489 -1
0.5650413197045812 0.6898777201363959 1
1.3315365737068052 -0.787229409718536 -1
0.9177285352445415 0.8445619169813363 1
0.9365700323705249 0.9512971139404539 1
0.267591824711207 0.07111070211404291 1
1.6510346767033823 -2.470378867383512 -1
1.5452451080537102 1.5868689878995148 1
1.613250758033646 1.7294482557809072 1
0.26853999035793374 0.28903554622371275 1
1.9586727663798447 2.206161620961506 1
0.6883031372140147 0.42660765978415127 1
1.4597899221900512 -1.4572645127223125 -1
1.3364859449107294 1.2891126486789724 1
0.5527986107085262 0.6704648771198306 1
2.6549051203198446 2.736151315844094 1
1.4972556654388567 -1.4331195105111227 -1
0.783280427598636 0.7868680236385962 1
1.2039900140142477 -1.106405256165948 -1
1.0614995278792865 1.4451501605198511 -1
0.9088376717700979 0.952465961028622 1
0.8492557617436048 -0.37788849494749 -1
0.4731485778774478 1.0043971928472684 -1
1.0365461180372726 -2.041334421501886 -1
2.500290905068338 -2.6802446559112774 -1
1.5169010675972405 -1.1092279614834868 -1
2.039396186478709 2.1083382154690593 1
2.0165942885389914 -1.2083049086176718 -1
0.8414865977366817 -0.4712018061164923 -1
1.0002445436312921 0.7869295612631113 1
1.3413402078962806 1.3568474924786749 1
0.9124347635440633 1.0301207579069018 1
2.2828734496884766 2.2303228267371495 1
1.1569449149204891 1.1780443386307562 1
0.6856204276521615 0.6678708358490617 1
1.0031223663088735 1.066012085691592 1
2.194658723611095 -0.7212382456678312 -1
0.47922752880353514 -1.0133718193572157 -1
1.1429463123671397 1.1895849380902634 1
2.5648332002783985 2.842528795890223 1
1.6686176010578353 -2.0030341958931457 -1
2.135607098448072 2.2303424669248626 1
-0.06154588703326169 0.05492832637194667 -1
0.27493663136216817 0.32383081743134146 1
1.7606473248659715 1.7933948111303837 1
-0.1263564863618929 -0.185476399829972 1
0.21408636986868612 0.2267246714637441 1
0.7283990838956407 0.8471989622162074 1
1.5841287772554606 1.6923066466948717 1
2.4572583028047514 2.406391022995018 1
0.9210428945670547 -0.3357520253849121 -1
1.689525531587131 -0.1563940906253124 -1
-0.1999781404426597 -0.17391613294859143 1
1.808613388812505 1.954292321866409 1
2.561639851986531 -0.7183825609169692 -1
1.1633718723203215 0.9423141761232462 1
0.2596938591039797 -0.1701613498769845 -1
2.3441439826643817 -2.1364805870092773 -1
0.3796635017557958 -1.1406016004295303 -1
2.0280726338210906 2.130709949320022 1
1.429019361410026 1.6711752076457678 1
1.0275321459107147 0.021610651008669324 -1
0.39046858217018665 -0.6684650758210159 -1
1.5993630903359994 1.8936169384159 1
0.9679254555461246 1.0339952333986921 1
0.5812988808400201 -1.3724937949999598 -1
1.9240183929220465 2.0661888654716356 1
0.569383631620576 0.6190212876405474 1
0.7182064897267078 -0.7603639804776786 -1
0.6061784836383035 0.6122693687027536 -1
2.1752191089509614 2.160707023231704 1
1.9982032501204758 -2.4363257561077916 -1
0.9248105740989455 -1.7623359590901413 -1
0.4544140079398489 -0.24642060278730304 -1
0.8341118248256405 -0.6534985508032626 -1
1.2717820215300337 1.4636327727858183 1
0.0654214230939093 -0.6212659529492399 -1
1.3345137398784428 1.4027711215167176 1
0.9314572897563583 -3.5607490779306574 -1
0.5231330967035636 -1.3952524386951712 -1
1.8172486616096903 1.7815400367136656 1
1.2674107903073164 -1.6669538356986875 -1
0.8605645045612336 -0.8847879123696183 -1
1.872434396128276 1.9706371976581414 1
1.327053117194127 -1.5979890665395078 -1
2.698361736967078 2.6490623720291833 1
1.8285753804581144 1.7015305816882975 1
-0.23456423815853666 -0.3203514622781416 1
0.5169917646827349 0.5866478793761405 1
2.6496046837439406 2.8823225284546763 1
0.041523291233098614 -1.2052027395141662 -1
0.7701144485860566 -1.42375475067309 -1
1.6100740878146085 -1.2679427480740304 -1
0.8172567232502497 0.004583857831742533 -1
0.40981031997698214 -1.6815020679610728 -1
0.4891765368518667 0.5591917643960743 1
2.2113333629235843 2.1840247278679064 1
1.602344482616906 1.4951157248173859 1
1.169453267611869 -2.5686194197995675 -1
-0.13130786264967886 -0.11351598202014412 1
-1.0140154946830915 -1.0451964377326721 1
1.1329729942449995 -2.210578297527629 -1
1.517624933524635 1.7051485816879681 1
0.6976038398433958 -0.0881181613162666 -1
1.0355764459146686 -0.5673992183085566 -1
-0.28378689753274955 -0.40679188285020396 1
0.8946930031557897 1.1027575933909235 1
1.371791431384128 1.2174644304712576 1
0.7606298529421615 -2.0018009595782837 -1
0.7019217018412731 0.5741108905329557 1
-0.0696678014146992 -0.028960633189438756 1
1.1552066251462016 -0.5744279634022731 -1
0.9203003216958623 1.0074532179918703 1
1.2366385325657219 1.2009026503342568 1
1.6498563425586426 1.6880694144696142 1
1.4631111261773688 1.5173293549694296 1
1.850645945315299 2.019908574531124 1
-0.9864164335584662 -1.009543521040071 1
1.4945480970149159 1.5565617225385988 1
1.652472090146286 1.8010789381989047 1
1.0162869417982963 0.8317883049532215 1
0.02783415089319763 -1.9257984778450856 -1
-0.022746915607408935 -0.058458629254448224 1
0.43714325342766347 0.37574138093439813 1
1.1771113770924029 -2.1246977134947476 -1
1.1590096668004373 -1.0875879494936231 -1
0.5900659957066666 -1.8032170279348327 -1
0.13311324352725584 0.2886243247098237 -1
2.444353016378181 2.596327721263629 1
0.5963417229672318 0.795560829537431 -1
1.7098342249674603 -1.137042190566821 -1
0.7306263781092254 -0.818872622108902 -1
1.4118173995686272 -0.07461160363974484 -1
0.5888335940007506 -1.1245774014279413 -1
1.076537668861826 -1.6186410663089654 -1
0.273200373184721 -0.5121188922539424 -1
1.8603875469204705 -0.49092085094182536 -1
0.893430882388647 -1.6829759416932153 -1
0.23814207026431455 -0.7559101492934683 -1
0.8288321318678947 -2.8710223271127178 -1
1.1679099567512128 0.9201091403801173 1
1.3643254018852777 -0.00853328832481981 -1
0.21833810834573142 -1.089052451056647 -1
0.6201521359882679 0.6848002619670739 1
0.8571786740083482 0.7894613091446103 1
0.5150340216600882 0.390314509296094 1
0.26915391481756823 -0.858839064180494 -1
0.029486588236920852 -1.8091601490385487 -1
0.6788843327019661 -0.3602300571549092 -1
-0.05222189751732054 -0.11403358932417906 1
1.3210469227526764 -0.6369781347647592 -1
0.38127045568032625 0.004084500128317847 -1
0.5246646451728717 0.49963230152032867 1
0.32316285305249626 0.3525381561760309 1
-0.29928939675931 -0.26840453129237596 1
1.2176767101738937 1.364821145592557 1
1.5873254085570543 1.6872983882040122 1
0.21129043881349663 -0.15922224795620354 -1
1.716578786387112 -1.987204209583311 -1
2.639982118568323 2.803876154548905 1
1.4003645085272174 -1.8791716804195866 -1
0.1485698662027578 -0.5130541611825938 -1
1.4228741208857623 -4.296689300863696 -1
1.4633026142704897 -2.4948202345589783 -1
1.3468223128769932 1.2161160357566763 1
0.9052720375085928 -1.4229319064315853 -1
0.08695568412838572 0.07407268135108891 1
0.7957767363072602 0.8105900649265131 1
0.7090017008935682 0.9317678121406217 1
1.522442152032708 -1.0383747831320003 -1
1.0306156690257537 -1.9638264098966318 -1
-0.0012223524920684792 0.9153112488400992 -1
2.735925822083508 2.8840328344435022 1
0.8175105443537972 -0.9949454361139771 -1
1.620197311674001 1.7185803604625707 1
1.0169002148203194 -1.3565902762335824 -1
1.080541246955756 -1.4951820554945972 -1
0.24244356905349784 0.49754754604954043 -1
1.6478421289319547 1.5005650771255117 1
0.07604331105676598 0.07930076920586593 1
0.22485055410678811 -0.5790350975809007 -1
1.26332915575553 -0.15524349572416452 -1
2.1061292474262157 -2.8704081086862026 -1
0.5455357851696434 -3.399537699729898 -1
0.7730234150356325 0.7621938143544692 1
2.3823264056531315 2.577547740673813 1
0.6521547840105331 -0.2753745010652535 -1
1.8860987956665176 2.032656564460087 1
1.210299193288482 -1.5595346186562142 -1
0.8187044743953128 0.7167996670346866 1
0.4158241084357349 -3.199885295521061 -1
-0.06724303071949844 -0.21111299289293162 1
1.7856745829729286 0.22373872437782705 -1
0.05175303215721583 0.06607194983849363 -1
-0.03462763883094966 -0.10499756978704511 1
0.5159453773098855 0.34041870400650065 1
1.5928037013340388 1.643796614752124 1
1.835289243989169 -2.334284216470702 -1
0.9393870915315303 -1.439933271985674 -1
0.7080588828138272 0.45418100772324443 -1
1.415097512778432 1.519590260641773 1
0.6158291871078276 -1.0480970066245276 -1
1.14281892951014 1.3971447607203924 -1
0.47949739770972266 -0.5922486243951153 -1
-0.5528924094689263 -0.42477904303439695 1
0.7881515137862977 -0.10714386194712078 -1
2.3102780534761296 2.350547157310735 1
1.4717961713369758 -1.580834308682985 -1
0.9182573183021878 -1.649278482754052 -1
0.9633280122588672 0.8271019566698312 1
0.4838901372465162 0.2640591887991437 -1
0.9387781542858423 1.0868960942559271 1
1.3068966499734318 1.3092911317440357 1
0.7875589047165988 0.8800087870565609 1
0.7852416557617763 -1.33365776991017 -1
0.8122882644023215 0.8742175194339941 1
-0.05580263120028839 -0.16125357341268698 1
1.5043992911341022 -0.701173709520698 -1
0.850483563494263 -0.05501267065284021 -1
-0.11891829578560431 -0.2832199515083138 1
1.137239819741761 -1.6486939051675964 -1
1.2541984749982535 -1.0414592520027521 -1
1.4337948928891064 -1.75707823601202 -1
0.7898873978378828 0.8464008126040896 1
0.6828668097544877 0.6463616116435175 1
0.6407396363702118 0.6568527099162977 1
0.4223702072980966 -0.2012206002684619 -1
1.5756044540031904 1.8108776276213554 1
1.9456806341289319 1.9537863738074508 1
1.205330108109748 1.1563657284379951 1
0.9866214790085804 0.9145087366097107 1
0.7777755516163234 0.535049601217065 1
1.3034233110809141 1.2825069348523161 1
1.1717580724923482 0.9432834267379792 1
0.8137838739771613 0.7558651927075 1
0.18369736635526035 0.28066495750238585 -1
1.0676345095820234 0.05229362088589573 -1
1.6640617457159048 1.5656258581867526 1
0.733336839866722 -0.7688462404681841 -1
1.2057525077998557 1.3284644955785692 1
-0.43607087112146514 -0.3500949242194997 1
1.2861676549548258 1.0881748566330898 1
1.8764688737979065 -2.7423663819067787 -1
0.23153589035310684 0.1933982116910915 1
0.7935110332446548 0.7129078609898809 1
1.068043748800985 1.155407876292423 1
0.7577330988928137 -1.6373501707065024 -1
-0.34975047771628054 -0.2020411356330638 1
-0.39829800864013376 -0.155568340729759 1
2.2399107104128593 2.166108062960192 1
1.0117032566030353 1.0940673716441525 1
0.6237693864505016 0.4119238924009595 1
-0.4877877550439029 -0.3953318727448176 1
3.0132498840721897 2.9998848799769107 1
0.5271949175450392 0.7821919717722166 -1
-0.1253585965340045 -0.35735905766187814 1
0.497244362014294 0.32633306320298316 1
0.8153220370969982 0.8031668373456032 1
0.879211122051268 -0.21865470179930302 -1
0.759148080983155 -0.28271188024526217 -1
1.2739445483447636 1.089418861013932 -1
1.6337475036302835 1.582386561751746 1
1.4560070631229687 -0.320157050951981 -1
1.3743644407646487 1.3873569178957326 1
-0.36184362430485395 -0.1783539888974902 -1
1.4817831724383557 0.8593500811321433 -1
1.7529618929006603 -1.2615643500621858 -1
1.2307131321902538 -0.9797369268885648 -1
-0.25252178844228546 -0.26954103688521536 1
0.6403950345886487 -2.0060609023496294 -1
1.231648100091641 1.396126500298749 1
1.303149762756568 1.4370123265931607 1
0.3679695484865164 0.3020269246045538 1
1.4208248580131604 1.3709035264037275 1
0.4469789562184314 -3.0888281990243547 -1
0.6305661018455527 -0.36824071491522214 -1
